Anisotropic Ni1 3.259037173467528 Experiment1 [ 0.06055357  0.00359079 -0.0640462 ] 134.63661753440857 Experiment2 [0.07169621 0.01287542 0.05326623] 41.31177718085329 Experiment3 [-0.01217453  0.09368367 -0.00486583] 54.81504590651078 Theory1 [ 0.06155626  0.00154671 -0.06500863] 157.21007217880398 Theory2 [0.07317601 0.00030613 0.05470053] 46.468690995810704 Theory3 [-0.00123     0.09561866  0.00087644] 61.607470316071975
Ni1 Ratio 0.8230596955043656 Angle (11) 1.2737936344499965 (22) 7.63647658655561 (33) 7.738642567237379 (12) 90.25192182747611 (21) 89.9168943168865 (13) 88.75165104009365 (32) 97.6326284025442
(23) 82.36433119708184 (31) 91.27140247475285
Anisotropic O1 3.9715105639203956 Experiment1 [-0.06350555 -0.00658156  0.06159155] 100.4341294077544 Experiment2 [0.06573214 0.02735676 0.05496886] 25.28864717625546 Experiment3 [ 0.02452818 -0.09035259  0.01215683] 42.37553123501367 Theory1 [-0.06403159 -0.00796318  0.06271018] 121.43654881320606 Theory2 [-0.06575008 -0.02931078 -0.05593222] 27.297196189414723 Theory3 [-0.02687559  0.0906801  -0.01257216] 45.84193871919116
O1 Ratio 0.8415808010024947 Angle (11) 0.7908984769720646 (22) 178.92361072126604 (33) 178.6878176190081 (12) 90.18357585342372 (21) 90.16927659068718 (13) 89.23096781803054 (32) 88.93896760950955
(23) 91.06409516265543 (31) 89.22770184784609
Anisotropic O2 2.4748500835535667 Experiment1 [-0.0435956  -0.03421352  0.06763892] 65.7709469433679 Experiment2 [0.06209223 0.04507273 0.04884315] 26.575729730234546 Experiment3 [ 0.05656216 -0.07584975 -0.00148546] 42.493090402200416 Theory1 [-0.05074674 -0.03058964  0.06669051] 77.01979996807273 Theory2 [0.05868269 0.04722671 0.05234678] 28.07378970957246 Theory3 [ 0.05591533 -0.0773261   0.00558838] 46.57945437705992
O2 Ratio 0.8587562132962602 Angle (11) 4.893734899561589 (22) 3.1703295609220947 (33) 4.864480326599781 (12) 87.81278346460601 (21) 92.35509579412575 (13) 85.62489875556933 (32) 92.29391097465466
(23) 87.87877405756069 (31) 94.28788943473317
Anisotropic O3 3.9639473339398683 Experiment1 [-0.05541439  0.00495517  0.06749988] 96.69484624363206 Experiment2 [-0.07104156  0.03231412 -0.04719062] 24.393574913500352 Experiment3 [0.02894205 0.08880621 0.01340503] 38.8865940290414 Theory1 [-0.05508202  0.00999822  0.0688853 ] 102.19097207735783 Theory2 [ 0.0728384  -0.02787958  0.04916896] 30.56508496705466 Theory3 [-0.0283893  -0.09092953 -0.00750118] 42.61505090402964
O3 Ratio 0.8301159675413942 Angle (11) 3.0423657476107095 (22) 176.9756279966963 (33) 175.7619664815217 (12) 89.60780609408599 (21) 89.45108561964513 (13) 86.98345782407968 (32) 87.00090529088224
(23) 92.9750372763894 (31) 87.00806414697361
